3.91500 4.25500
3.91500 4.26000
3.92000 4.24500
3.92000 4.25000
3.92000 4.25500
3.92000 4.26000
3.92000 4.26500
3.92000 4.27000
3.92500 4.24000
3.92500 4.24500
3.92500 4.25000
3.92500 4.25500
3.92500 4.26000
3.92500 4.26500
3.92500 4.27000
3.93000 4.24000
3.93000 4.24500
3.93000 4.25000
3.93000 4.25500
3.93000 4.26000
3.93000 4.26500
3.93000 4.27000
3.93000 4.27500
3.93500 4.24000
3.93500 4.24500
3.93500 4.25000
3.93500 4.25500
3.93500 4.26000
3.93500 4.26500
3.93500 4.27000
3.93500 4.27500
3.94000 4.24000
3.94000 4.24500
3.94000 4.25000
3.94000 4.25500
3.94000 4.26000
3.94000 4.26500
3.94000 4.27000
3.94000 4.27500
3.94000 4.28000
3.94500 4.24000
3.94500 4.24500
3.94500 4.25000
3.94500 4.25500
3.94500 4.26000
3.94500 4.26500
3.94500 4.27000
3.94500 4.27500
3.94500 4.28000
3.95000 4.24000
3.95000 4.24500
3.95000 4.25000
3.95000 4.25500
3.95000 4.26000
3.95000 4.26500
3.95000 4.27000
3.95000 4.27500
3.95000 4.28000
3.95500 4.24000
3.95500 4.24500
3.95500 4.25000
3.95500 4.25500
3.95500 4.26000
3.95500 4.26500
3.95500 4.27000
3.95500 4.27500
3.95500 4.28000
3.96000 4.24500
3.96000 4.25000
3.96000 4.25500
3.96000 4.26000
3.96000 4.26500
3.96000 4.27000
3.96000 4.27500
3.96000 4.28000
3.96000 4.28500
3.96500 4.24500
3.96500 4.25000
3.96500 4.25500
3.96500 4.26000
3.96500 4.26500
3.96500 4.27000
3.96500 4.27500
3.96500 4.28000
3.96500 4.28500
3.97000 4.24500
3.97000 4.25000
3.97000 4.25500
3.97000 4.26000
3.97000 4.26500
3.97000 4.27000
3.97000 4.27500
3.97000 4.28000
3.97000 4.28500
3.97500 4.25000
3.97500 4.25500
3.97500 4.26000
3.97500 4.26500
3.97500 4.27000
3.97500 4.27500
3.97500 4.28000
3.97500 4.28500
3.98000 4.25500
3.98000 4.26000
3.98000 4.26500
3.98000 4.27000
3.98000 4.27500
3.98000 4.28000
3.98000 4.28500
3.98500 4.26000
3.98500 4.26500
3.98500 4.27000
3.98500 4.27500
3.98500 4.28000
